scene_001	# FrugalNeRF Dataset Format
# Generated for Kaggle demo

SCENE_ID:scene_001
NUM_IMAGES:3
SCENE_BBOX:-1.5,-1.5,-1.5,1.5,1.5,1.5
NEAR_FAR:0.1,10.0
WHITE_BG:false

POSES_BOUNDS:
1.0 0.0 0.0 0.0 256.0 0.0 1.0 0.0 0.0 256.0 0.0 0.0 1.0 0.0 500.0 0.1 10.0
1.0 0.0 0.0 0.0 256.0 0.0 1.0 0.0 0.0 256.0 0.0 0.0 1.0 0.0 500.0 0.1 10.0
1.0 0.0 0.0 0.0 256.0 0.0 1.0 0.0 0.0 256.0 0.0 0.0 1.0 0.0 500.0 0.1 10.0
1.0 0.0 0.0 0.0 256.0 0.0 1.0 0.0 0.0 256.0 0.0 0.0 1.0 0.0 500.0 0.1 10.0
1.0 0.0 0.0 0.0 256.0 0.0 1.0 0.0 0.0 256.0 0.0 0.0 1.0 0.0 500.0 0.1 10.0
1.0 0.0 0.0 0.0 256.0 0.0 1.0 0.0 0.0 256.0 0.0 0.0 1.0 0.0 500.0 0.1 10.0
1.0 0.0 0.0 0.0 256.0 0.0 1.0 0.0 0.0 256.0 0.0 0.0 1.0 0.0 500.0 0.1 10.0
1.0 0.0 0.0 0.0 256.0 0.0 1.0 0.0 0.0 256.0 0.0 0.0 1.0 0.0 500.0 0.1 10.0
1.0 0.0 0.0 0.0 256.0 0.0 1.0 0.0 0.0 256.0 0.0 0.0 1.0 0.0 500.0 0.1 10.0
1.0 0.0 0.0 0.0 256.0 0.0 1.0 0.0 0.0 256.0 0.0 0.0 1.0 0.0 500.0 0.1 10.0
1.0 0.0 0.0 0.0 256.0 0.0 1.0 0.0 0.0 256.0 0.0 0.0 1.0 0.0 500.0 0.1 10.0
1.0 0.0 0.0 0.0 256.0 0.0 1.0 0.0 0.0 256.0 0.0 0.0 1.0 0.0 500.0 0.1 10.0
1.0 0.0 0.0 0.0 256.0 0.0 1.0 0.0 0.0 256.0 0.0 0.0 1.0 0.0 500.0 0.1 10.0
1.0 0.0 0.0 0.0 256.0 0.0 1.0 0.0 0.0 256.0 0.0 0.0 1.0 0.0 500.0 0.1 10.0
1.0 0.0 0.0 0.0 256.0 0.0 1.0 0.0 0.0 256.0 0.0 0.0 1.0 0.0 500.0 0.1 10.0
1.0 0.0 0.0 0.0 256.0 0.0 1.0 0.0 0.0 256.0 0.0 0.0 1.0 0.0 500.0 0.1 10.0
1.0 0.0 0.0 0.0 256.0 0.0 1.0 0.0 0.0 256.0 0.0 0.0 1.0 0.0 500.0 0.1 10.0
1.0 0.0 0.0 0.0 256.0 0.0 1.0 0.0 0.0 256.0 0.0 0.0 1.0 0.0 500.0 0.1 10.0
1.0 0.0 0.0 0.0 256.0 0.0 1.0 0.0 0.0 256.0 0.0 0.0 1.0 0.0 500.0 0.1 10.0
1.0 0.0 0.0 0.0 256.0 0.0 1.0 0.0 0.0 256.0 0.0 0.0 1.0 0.0 500.0 0.1 10.0
1.0 0.0 0.0 0.0 256.0 0.0 1.0 0.0 0.0 256.0 0.0 0.0 1.0 0.0 500.0 0.1 10.0
1.0 0.0 0.0 0.0 256.0 0.0 1.0 0.0 0.0 256.0 0.0 0.0 1.0 0.0 500.0 0.1 10.0
1.0 0.0 0.0 0.0 256.0 0.0 1.0 0.0 0.0 256.0 0.0 0.0 1.0 0.0 500.0 0.1 10.0
1.0 0.0 0.0 0.0 256.0 0.0 1.0 0.0 0.0 256.0 0.0 0.0 1.0 0.0 500.0 0.1 10.0
1.0 0.0 0.0 0.0 256.0 0.0 1.0 0.0 0.0 256.0 0.0 0.0 1.0 0.0 500.0 0.1 10.0
1.0 0.0 0.0 0.0 256.0 0.0 1.0 0.0 0.0 256.0 0.0 0.0 1.0 0.0 500.0 0.1 10.0
1.0 0.0 0.0 0.0 256.0 0.0 1.0 0.0 0.0 256.0 0.0 0.0 1.0 0.0 500.0 0.1 10.0
1.0 0.0 0.0 0.0 256.0 0.0 1.0 0.0 0.0 256.0 0.0 0.0 1.0 0.0 500.0 0.1 10.0
1.0 0.0 0.0 0.0 256.0 0.0 1.0 0.0 0.0 256.0 0.0 0.0 1.0 0.0 500.0 0.1 10.0
1.0 0.0 0.0 0.0 256.0 0.0 1.0 0.0 0.0 256.0 0.0 0.0 1.0 0.0 500.0 0.1 10.0
1.0 0.0 0.0 0.0 256.0 0.0 1.0 0.0 0.0 256.0 0.0 0.0 1.0 0.0 500.0 0.1 10.0
1.0 0.0 0.0 0.0 256.0 0.0 1.0 0.0 0.0 256.0 0.0 0.0 1.0 0.0 500.0 0.1 10.0
1.0 0.0 0.0 0.0 256.0 0.0 1.0 0.0 0.0 256.0 0.0 0.0 1.0 0.0 500.0 0.1 10.0
1.0 0.0 0.0 0.0 256.0 0.0 1.0 0.0 0.0 256.0 0.0 0.0 1.0 0.0 500.0 0.1 10.0
1.0 0.0 0.0 0.0 256.0 0.0 1.0 0.0 0.0 256.0 0.0 0.0 1.0 0.0 500.0 0.1 10.0
1.0 0.0 0.0 0.0 256.0 0.0 1.0 0.0 0.0 256.0 0.0 0.0 1.0 0.0 500.0 0.1 10.0
1.0 0.0 0.0 0.0 256.0 0.0 1.0 0.0 0.0 256.0 0.0 0.0 1.0 0.0 500.0 0.1 10.0
1.0 0.0 0.0 0.0 256.0 0.0 1.0 0.0 0.0 256.0 0.0 0.0 1.0 0.0 500.0 0.1 10.0
1.0 0.0 0.0 0.0 256.0 0.0 1.0 0.0 0.0 256.0 0.0 0.0 1.0 0.0 500.0 0.1 10.0
1.0 0.0 0.0 0.0 256.0 0.0 1.0 0.0 0.0 256.0 0.0 0.0 1.0 0.0 500.0 0.1 10.0
1.0 0.0 0.0 0.0 256.0 0.0 1.0 0.0 0.0 256.0 0.0 0.0 1.0 0.0 500.0 0.1 10.0
1.0 0.0 0.0 0.0 256.0 0.0 1.0 0.0 0.0 256.0 0.0 0.0 1.0 0.0 500.0 0.1 10.0
1.0 0.0 0.0 0.0 256.0 0.0 1.0 0.0 0.0 256.0 0.0 0.0 1.0 0.0 500.0 0.1 10.0
1.0 0.0 0.0 0.0 256.0 0.0 1.0 0.0 0.0 256.0 0.0 0.0 1.0 0.0 500.0 0.1 10.0
1.0 0.0 0.0 0.0 256.0 0.0 1.0 0.0 0.0 256.0 0.0 0.0 1.0 0.0 500.0 0.1 10.0
1.0 0.0 0.0 0.0 256.0 0.0 1.0 0.0 0.0 256.0 0.0 0.0 1.0 0.0 500.0 0.1 10.0
1.0 0.0 0.0 0.0 256.0 0.0 1.0 0.0 0.0 256.0 0.0 0.0 1.0 0.0 500.0 0.1 10.0
1.0 0.0 0.0 0.0 256.0 0.0 1.0 0.0 0.0 256.0 0.0 0.0 1.0 0.0 500.0 0.1 10.0
1.0 0.0 0.0 0.0 256.0 0.0 1.0 0.0 0.0 256.0 0.0 0.0 1.0 0.0 500.0 0.1 10.0
1.0 0.0 0.0 0.0 256.0 0.0 1.0 0.0 0.0 256.0 0.0 0.0 1.0 0.0 500.0 0.1 10.0
1.0 0.0 0.0 0.0 256.0 0.0 1.0 0.0 0.0 256.0 0.0 0.0 1.0 0.0 500.0 0.1 10.0
1.0 0.0 0.0 0.0 256.0 0.0 1.0 0.0 0.0 256.0 0.0 0.0 1.0 0.0 500.0 0.1 10.0
1.0 0.0 0.0 0.0 256.0 0.0 1.0 0.0 0.0 256.0 0.0 0.0 1.0 0.0 500.0 0.1 10.0
1.0 0.0 0.0 0.0 256.0 0.0 1.0 0.0 0.0 256.0 0.0 0.0 1.0 0.0 500.0 0.1 10.0
1.0 0.0 0.0 0.0 256.0 0.0 1.0 0.0 0.0 256.0 0.0 0.0 1.0 0.0 500.0 0.1 10.0
1.0 0.0 0.0 0.0 256.0 0.0 1.0 0.0 0.0 256.0 0.0 0.0 1.0 0.0 500.0 0.1 10.0
1.0 0.0 0.0 0.0 256.0 0.0 1.0 0.0 0.0 256.0 0.0 0.0 1.0 0.0 500.0 0.1 10.0
1.0 0.0 0.0 0.0 256.0 0.0 1.0 0.0 0.0 256.0 0.0 0.0 1.0 0.0 500.0 0.1 10.0
1.0 0.0 0.0 0.0 256.0 0.0 1.0 0.0 0.0 256.0 0.0 0.0 1.0 0.0 500.0 0.1 10.0
1.0 0.0 0.0 0.0 256.0 0.0 1.0 0.0 0.0 256.0 0.0 0.0 1.0 0.0 500.0 0.1 10.0
1.0 0.0 0.0 0.0 256.0 0.0 1.0 0.0 0.0 256.0 0.0 0.0 1.0 0.0 500.0 0.1 10.0
1.0 0.0 0.0 0.0 256.0 0.0 1.0 0.0 0.0 256.0 0.0 0.0 1.0 0.0 500.0 0.1 10.0
1.0 0.0 0.0 0.0 256.0 0.0 1.0 0.0 0.0 256.0 0.0 0.0 1.0 0.0 500.0 0.1 10.0
1.0 0.0 0.0 0.0 256.0 0.0 1.0 0.0 0.0 256.0 0.0 0.0 1.0 0.0 500.0 0.1 10.0
1.0 0.0 0.0 0.0 256.0 0.0 1.0 0.0 0.0 256.0 0.0 0.0 1.0 0.0 500.0 0.1 10.0
1.0 0.0 0.0 0.0 256.0 0.0 1.0 0.0 0.0 256.0 0.0 0.0 1.0 0.0 500.0 0.1 10.0
1.0 0.0 0.0 0.0 256.0 0.0 1.0 0.0 0.0 256.0 0.0 0.0 1.0 0.0 500.0 0.1 10.0
1.0 0.0 0.0 0.0 256.0 0.0 1.0 0.0 0.0 256.0 0.0 0.0 1.0 0.0 500.0 0.1 10.0
1.0 0.0 0.0 0.0 256.0 0.0 1.0 0.0 0.0 256.0 0.0 0.0 1.0 0.0 500.0 0.1 10.0
1.0 0.0 0.0 0.0 256.0 0.0 1.0 0.0 0.0 256.0 0.0 0.0 1.0 0.0 500.0 0.1 10.0
1.0 0.0 0.0 0.0 256.0 0.0 1.0 0.0 0.0 256.0 0.0 0.0 1.0 0.0 500.0 0.1 10.0
1.0 0.0 0.0 0.0 256.0 0.0 1.0 0.0 0.0 256.0 0.0 0.0 1.0 0.0 500.0 0.1 10.0
1.0 0.0 0.0 0.0 256.0 0.0 1.0 0.0 0.0 256.0 0.0 0.0 1.0 0.0 500.0 0.1 10.0
1.0 0.0 0.0 0.0 256.0 0.0 1.0 0.0 0.0 256.0 0.0 0.0 1.0 0.0 500.0 0.1 10.0
1.0 0.0 0.0 0.0 256.0 0.0 1.0 0.0 0.0 256.0 0.0 0.0 1.0 0.0 500.0 0.1 10.0
1.0 0.0 0.0 0.0 256.0 0.0 1.0 0.0 0.0 256.0 0.0 0.0 1.0 0.0 500.0 0.1 10.0
1.0 0.0 0.0 0.0 256.0 0.0 1.0 0.0 0.0 256.0 0.0 0.0 1.0 0.0 500.0 0.1 10.0
1.0 0.0 0.0 0.0 256.0 0.0 1.0 0.0 0.0 256.0 0.0 0.0 1.0 0.0 500.0 0.1 10.0
1.0 0.0 0.0 0.0 256.0 0.0 1.0 0.0 0.0 256.0 0.0 0.0 1.0 0.0 500.0 0.1 10.0
1.0 0.0 0.0 0.0 256.0 0.0 1.0 0.0 0.0 256.0 0.0 0.0 1.0 0.0 500.0 0.1 10.0
1.0 0.0 0.0 0.0 256.0 0.0 1.0 0.0 0.0 256.0 0.0 0.0 1.0 0.0 500.0 0.1 10.0
1.0 0.0 0.0 0.0 256.0 0.0 1.0 0.0 0.0 256.0 0.0 0.0 1.0 0.0 500.0 0.1 10.0
1.0 0.0 0.0 0.0 256.0 0.0 1.0 0.0 0.0 256.0 0.0 0.0 1.0 0.0 500.0 0.1 10.0
1.0 0.0 0.0 0.0 256.0 0.0 1.0 0.0 0.0 256.0 0.0 0.0 1.0 0.0 500.0 0.1 10.0
1.0 0.0 0.0 0.0 256.0 0.0 1.0 0.0 0.0 256.0 0.0 0.0 1.0 0.0 500.0 0.1 10.0
1.0 0.0 0.0 0.0 256.0 0.0 1.0 0.0 0.0 256.0 0.0 0.0 1.0 0.0 500.0 0.1 10.0
1.0 0.0 0.0 0.0 256.0 0.0 1.0 0.0 0.0 256.0 0.0 0.0 1.0 0.0 500.0 0.1 10.0
1.0 0.0 0.0 0.0 256.0 0.0 1.0 0.0 0.0 256.0 0.0 0.0 1.0 0.0 500.0 0.1 10.0
1.0 0.0 0.0 0.0 256.0 0.0 1.0 0.0 0.0 256.0 0.0 0.0 1.0 0.0 500.0 0.1 10.0
1.0 0.0 0.0 0.0 256.0 0.0 1.0 0.0 0.0 256.0 0.0 0.0 1.0 0.0 500.0 0.1 10.0
1.0 0.0 0.0 0.0 256.0 0.0 1.0 0.0 0.0 256.0 0.0 0.0 1.0 0.0 500.0 0.1 10.0
1.0 0.0 0.0 0.0 256.0 0.0 1.0 0.0 0.0 256.0 0.0 0.0 1.0 0.0 500.0 0.1 10.0
1.0 0.0 0.0 0.0 256.0 0.0 1.0 0.0 0.0 256.0 0.0 0.0 1.0 0.0 500.0 0.1 10.0
1.0 0.0 0.0 0.0 256.0 0.0 1.0 0.0 0.0 256.0 0.0 0.0 1.0 0.0 500.0 0.1 10.0
1.0 0.0 0.0 0.0 256.0 0.0 1.0 0.0 0.0 256.0 0.0 0.0 1.0 0.0 500.0 0.1 10.0
1.0 0.0 0.0 0.0 256.0 0.0 1.0 0.0 0.0 256.0 0.0 0.0 1.0 0.0 500.0 0.1 10.0
1.0 0.0 0.0 0.0 256.0 0.0 1.0 0.0 0.0 256.0 0.0 0.0 1.0 0.0 500.0 0.1 10.0
1.0 0.0 0.0 0.0 256.0 0.0 1.0 0.0 0.0 256.0 0.0 0.0 1.0 0.0 500.0 0.1 10.0
1.0 0.0 0.0 0.0 256.0 0.0 1.0 0.0 0.0 256.0 0.0 0.0 1.0 0.0 500.0 0.1 10.0
1.0 0.0 0.0 0.0 256.0 0.0 1.0 0.0 0.0 256.0 0.0 0.0 1.0 0.0 500.0 0.1 10.0
1.0 0.0 0.0 0.0 256.0 0.0 1.0 0.0 0.0 256.0 0.0 0.0 1.0 0.0 500.0 0.1 10.0
1.0 0.0 0.0 0.0 256.0 0.0 1.0 0.0 0.0 256.0 0.0 0.0 1.0 0.0 500.0 0.1 10.0
1.0 0.0 0.0 0.0 256.0 0.0 1.0 0.0 0.0 256.0 0.0 0.0 1.0 0.0 500.0 0.1 10.0
1.0 0.0 0.0 0.0 256.0 0.0 1.0 0.0 0.0 256.0 0.0 0.0 1.0 0.0 500.0 0.1 10.0
1.0 0.0 0.0 0.0 256.0 0.0 1.0 0.0 0.0 256.0 0.0 0.0 1.0 0.0 500.0 0.1 10.0
1.0 0.0 0.0 0.0 256.0 0.0 1.0 0.0 0.0 256.0 0.0 0.0 1.0 0.0 500.0 0.1 10.0
1.0 0.0 0.0 0.0 256.0 0.0 1.0 0.0 0.0 256.0 0.0 0.0 1.0 0.0 500.0 0.1 10.0
1.0 0.0 0.0 0.0 256.0 0.0 1.0 0.0 0.0 256.0 0.0 0.0 1.0 0.0 500.0 0.1 10.0
1.0 0.0 0.0 0.0 256.0 0.0 1.0 0.0 0.0 256.0 0.0 0.0 1.0 0.0 500.0 0.1 10.0
1.0 0.0 0.0 0.0 256.0 0.0 1.0 0.0 0.0 256.0 0.0 0.0 1.0 0.0 500.0 0.1 10.0
1.0 0.0 0.0 0.0 256.0 0.0 1.0 0.0 0.0 256.0 0.0 0.0 1.0 0.0 500.0 0.1 10.0
1.0 0.0 0.0 0.0 256.0 0.0 1.0 0.0 0.0 256.0 0.0 0.0 1.0 0.0 500.0 0.1 10.0
1.0 0.0 0.0 0.0 256.0 0.0 1.0 0.0 0.0 256.0 0.0 0.0 1.0 0.0 500.0 0.1 10.0
1.0 0.0 0.0 0.0 256.0 0.0 1.0 0.0 0.0 256.0 0.0 0.0 1.0 0.0 500.0 0.1 10.0
1.0 0.0 0.0 0.0 256.0 0.0 1.0 0.0 0.0 256.0 0.0 0.0 1.0 0.0 500.0 0.1 10.0
1.0 0.0 0.0 0.0 256.0 0.0 1.0 0.0 0.0 256.0 0.0 0.0 1.0 0.0 500.0 0.1 10.0
1.0 0.0 0.0 0.0 256.0 0.0 1.0 0.0 0.0 256.0 0.0 0.0 1.0 0.0 500.0 0.1 10.0
1.0 0.0 0.0 0.0 256.0 0.0 1.0 0.0 0.0 256.0 0.0 0.0 1.0 0.0 500.0 0.1 10.0
1.0 0.0 0.0 0.0 256.0 0.0 1.0 0.0 0.0 256.0 0.0 0.0 1.0 0.0 500.0 0.1 10.0
1.0 0.0 0.0 0.0 256.0 0.0 1.0 0.0 0.0 256.0 0.0 0.0 1.0 0.0 500.0 0.1 10.0
1.0 0.0 0.0 0.0 256.0 0.0 1.0 0.0 0.0 256.0 0.0 0.0 1.0 0.0 500.0 0.1 10.0
1.0 0.0 0.0 0.0 256.0 0.0 1.0 0.0 0.0 256.0 0.0 0.0 1.0 0.0 500.0 0.1 10.0
1.0 0.0 0.0 0.0 256.0 0.0 1.0 0.0 0.0 256.0 0.0 0.0 1.0 0.0 500.0 0.1 10.0
1.0 0.0 0.0 0.0 256.0 0.0 1.0 0.0 0.0 256.0 0.0 0.0 1.0 0.0 500.0 0.1 10.0
1.0 0.0 0.0 0.0 256.0 0.0 1.0 0.0 0.0 256.0 0.0 0.0 1.0 0.0 500.0 0.1 10.0
1.0 0.0 0.0 0.0 256.0 0.0 1.0 0.0 0.0 256.0 0.0 0.0 1.0 0.0 500.0 0.1 10.0
1.0 0.0 0.0 0.0 256.0 0.0 1.0 0.0 0.0 256.0 0.0 0.0 1.0 0.0 500.0 0.1 10.0
1.0 0.0 0.0 0.0 256.0 0.0 1.0 0.0 0.0 256.0 0.0 0.0 1.0 0.0 500.0 0.1 10.0
1.0 0.0 0.0 0.0 256.0 0.0 1.0 0.0 0.0 256.0 0.0 0.0 1.0 0.0 500.0 0.1 10.0
1.0 0.0 0.0 0.0 256.0 0.0 1.0 0.0 0.0 256.0 0.0 0.0 1.0 0.0 500.0 0.1 10.0
1.0 0.0 0.0 0.0 256.0 0.0 1.0 0.0 0.0 256.0 0.0 0.0 1.0 0.0 500.0 0.1 10.0
1.0 0.0 0.0 0.0 256.0 0.0 1.0 0.0 0.0 256.0 0.0 0.0 1.0 0.0 500.0 0.1 10.0
1.0 0.0 0.0 0.0 256.0 0.0 1.0 0.0 0.0 256.0 0.0 0.0 1.0 0.0 500.0 0.1 10.0
1.0 0.0 0.0 0.0 256.0 0.0 1.0 0.0 0.0 256.0 0.0 0.0 1.0 0.0 500.0 0.1 10.0
1.0 0.0 0.0 0.0 256.0 0.0 1.0 0.0 0.0 256.0 0.0 0.0 1.0 0.0 500.0 0.1 10.0
1.0 0.0 0.0 0.0 256.0 0.0 1.0 0.0 0.0 256.0 0.0 0.0 1.0 0.0 500.0 0.1 10.0
1.0 0.0 0.0 0.0 256.0 0.0 1.0 0.0 0.0 256.0 0.0 0.0 1.0 0.0 500.0 0.1 10.0
1.0 0.0 0.0 0.0 256.0 0.0 1.0 0.0 0.0 256.0 0.0 0.0 1.0 0.0 500.0 0.1 10.0
1.0 0.0 0.0 0.0 256.0 0.0 1.0 0.0 0.0 256.0 0.0 0.0 1.0 0.0 500.0 0.1 10.0
1.0 0.0 0.0 0.0 256.0 0.0 1.0 0.0 0.0 256.0 0.0 0.0 1.0 0.0 500.0 0.1 10.0
1.0 0.0 0.0 0.0 256.0 0.0 1.0 0.0 0.0 256.0 0.0 0.0 1.0 0.0 500.0 0.1 10.0
1.0 0.0 0.0 0.0 256.0 0.0 1.0 0.0 0.0 256.0 0.0 0.0 1.0 0.0 500.0 0.1 10.0
1.0 0.0 0.0 0.0 256.0 0.0 1.0 0.0 0.0 256.0 0.0 0.0 1.0 0.0 500.0 0.1 10.0
1.0 0.0 0.0 0.0 256.0 0.0 1.0 0.0 0.0 256.0 0.0 0.0 1.0 0.0 500.0 0.1 10.0
1.0 0.0 0.0 0.0 256.0 0.0 1.0 0.0 0.0 256.0 0.0 0.0 1.0 0.0 500.0 0.1 10.0
1.0 0.0 0.0 0.0 256.0 0.0 1.0 0.0 0.0 256.0 0.0 0.0 1.0 0.0 500.0 0.1 10.0
1.0 0.0 0.0 0.0 256.0 0.0 1.0 0.0 0.0 256.0 0.0 0.0 1.0 0.0 500.0 0.1 10.0
1.0 0.0 0.0 0.0 256.0 0.0 1.0 0.0 0.0 256.0 0.0 0.0 1.0 0.0 500.0 0.1 10.0
1.0 0.0 0.0 0.0 256.0 0.0 1.0 0.0 0.0 256.0 0.0 0.0 1.0 0.0 500.0 0.1 10.0
1.0 0.0 0.0 0.0 256.0 0.0 1.0 0.0 0.0 256.0 0.0 0.0 1.0 0.0 500.0 0.1 10.0
1.0 0.0 0.0 0.0 256.0 0.0 1.0 0.0 0.0 256.0 0.0 0.0 1.0 0.0 500.0 0.1 10.0
1.0 0.0 0.0 0.0 256.0 0.0 1.0 0.0 0.0 256.0 0.0 0.0 1.0 0.0 500.0 0.1 10.0
1.0 0.0 0.0 0.0 256.0 0.0 1.0 0.0 0.0 256.0 0.0 0.0 1.0 0.0 500.0 0.1 10.0
1.0 0.0 0.0 0.0 256.0 0.0 1.0 0.0 0.0 256.0 0.0 0.0 1.0 0.0 500.0 0.1 10.0
1.0 0.0 0.0 0.0 256.0 0.0 1.0 0.0 0.0 256.0 0.0 0.0 1.0 0.0 500.0 0.1 10.0
1.0 0.0 0.0 0.0 256.0 0.0 1.0 0.0 0.0 256.0 0.0 0.0 1.0 0.0 500.0 0.1 10.0
1.0 0.0 0.0 0.0 256.0 0.0 1.0 0.0 0.0 256.0 0.0 0.0 1.0 0.0 500.0 0.1 10.0
1.0 0.0 0.0 0.0 256.0 0.0 1.0 0.0 0.0 256.0 0.0 0.0 1.0 0.0 500.0 0.1 10.0
1.0 0.0 0.0 0.0 256.0 0.0 1.0 0.0 0.0 256.0 0.0 0.0 1.0 0.0 500.0 0.1 10.0
1.0 0.0 0.0 0.0 256.0 0.0 1.0 0.0 0.0 256.0 0.0 0.0 1.0 0.0 500.0 0.1 10.0
1.0 0.0 0.0 0.0 256.0 0.0 1.0 0.0 0.0 256.0 0.0 0.0 1.0 0.0 500.0 0.1 10.0

INTRINSICS:
500.0 0.0 128.0 
0.0 500.0 128.0 
0.0 0.0 1.0 


